0 time
1 TOP.clk
2 TOP.rst
3 TOP.en
4 TOP.count[7:0]

0 1 2 3  4 
==========
44 1 1 0  0
45 0 1 0  0
46 1 1 0  0
47 0 1 0  0
48 1 0 0  0
49 0 0 0  0
50 1 0 0  0
51 0 0 0  0
52 1 0 0  0
53 0 0 0  0
54 1 0 0  0
55 0 0 0  0
56 1 0 0  0
57 0 0 0  0
58 1 0 0  0
59 0 0 0  0
60 1 0 0  0
61 0 0 0  0
62 1 0 0  0
63 0 0 0  0
64 1 0 1  1
65 0 0 1  1
66 1 0 1  2
67 0 0 1  2
68 1 0 1  3
69 0 0 1  3
70 1 0 1  4
71 0 0 1  4
72 1 0 1  5
73 0 0 1  5
74 1 0 1  6
75 0 0 1  6
76 1 0 1  7
77 0 0 1  7
78 1 0 1  8
79 0 0 1  8
80 1 0 0  8
81 0 0 0  8
82 1 0 0  8
83 0 0 0  8
84 1 0 0  8
85 0 0 0  8
86 1 0 0  8
87 0 0 0  8
