0 time
1 TOP.clk
2 TOP.rst
3 TOP.en
4 TOP.count[7:0]

0 1 2 3  4 
==========
650 1 1 0  0
651 0 1 0  0
652 1 1 0  0
653 0 1 0  0
654 1 0 1  1
655 0 0 1  1
656 1 0 1  2
657 0 0 1  2
658 1 0 1  3
659 0 0 1  3
660 1 0 1  4
661 0 0 1  4
662 1 0 1  5
663 0 0 1  5
664 1 0 1  6
665 0 0 1  6
666 1 1 1  0
667 0 1 1  0
668 1 0 1  1
669 0 0 1  1
670 1 0 1  2
671 0 0 1  2
672 1 0 1  3
673 0 0 1  3
674 1 0 1  4
675 0 0 1  4
676 1 0 1  5
677 0 0 1  5
678 1 0 1  6
679 0 0 1  6
680 1 0 0  6
681 0 0 0  6
682 1 0 0  6
683 0 0 0  6
684 1 0 0  6
685 0 0 0  6
686 1 0 0  6
687 0 0 0  6
